%% fig:ErnsIsaa91
%% bib:ErnsIsaa91
%% out:ErnsIsaa91,ErnsIsaa91r

%% Survival in Notophilus biguttatus 

%% high feeding level 20/10 centigrade;  time, survival
tN_1 = [ ...
    0  20;
   42  20;
   42  18;
  140  18;
  140  17;
  252  17;
  252  16;
  280  16;
  280  14;
  294  14;
  294  13;
  336  13;
  336  12;
  350  12;
  350  11;
  364  11;
  364  10;
  434  10;
  434   9;
  462   9;
  462   8;
  490   8;
  490   7;
  560   7;
  560   5;
  658   5;
  658   3;
  686   3;
  686   1;
  700   1];

%% high feeding level 20/10 centigrade;  time, reprod
tR_1=[ ...
    0    3.45715;
    8    3.45715;
    8    3.47044;
   14    4.47044;
   14    4.49285;
   26    4.49285;
   26    4.52500;
   28    4.52500;
   28    4.60715;
   37    4.60715;
   37    4.62160;
   42    4.62160;
   42    4.82985;
   46    4.82985;
   46    4.85000;
   55    4.85000;
   55    4.81521;
   56    4.81521;
   56    4.36429;
   66    4.36429;
   66    4.34375;
   70    4.34375;
   70    4.26044;
   75    4.26044;
   75    4.24285;
   83    4.24285;
   83    4.20550;
   84    4.20550;
   84    3.66404;
   88    3.66404;
   88    3.64285;
   96    3.64285;
   96    3.60908;
   98    3.60908;
   98    3.19258;
  105    3.19258;
  105    3.18571;
  112    3.18571;
  112    2.17969;
  116    2.17969;
  116    2.15715;
  124    2.15715;
  124    2.12473;
  126    2.12473;
  126    1.70823;
  133    1.70823;
  133    1.70000;
  140    1.70000;
  140    0.86194;
  142    0.86194;
  142    0.82856;
  150    0.82856;
  150    0.80698;
  154    0.80698;
  154    0.72369;
  155    0.72369;
  155    0.68571;
  168    0.68571;
  168    1.03571;
  182    1.03571;
  182    1.09085;
  190    1.09085;
  190    1.09285;
  196    1.09285;
  196    1.22856;
  221    1.22856;
  221    1.25000;
  238    1.25000;
  238    1.51890;
  239    1.51890;
  239    1.55715;
  247    1.55715;
  252    1.54285;
  261    1.54285;
  266    1.55858;
  267    1.55858;
  267    1.59285;
  276    1.59285;
  276    1.61354;
  280    1.61354;
  280    1.78015;
  284    1.78015;
  284    1.80000;
  293    1.80000;
  293    1.76492;
  294    1.76492;
  294    1.72327;
  301    1.72327;
  301    1.71429;
  308    1.71429; 
  308    1.65715;
  314    1.65715;
  314    1.65927;
  329    1.65927;
  329    1.66429;
  336    1.66429;
  336    2.00000;
  350    2.00000;
  350    1.77267;
  355    1.77267;
  355    1.75715;
  364    1.75715;
  364    1.79656;
  367    1.79656;
  367    1.82144;
  378    1.82144;
  378    1.97646;
  384    1.97646;
  384    1.98571;
  392    1.98571;
  392    1.94002;
  395    1.94002;
  395    1.91429;
  403    1.91429;
  403    1.94350;
  406    1.94350;
  406    2.02681;
  408    2.02681;
  408    2.05715;
  417    2.05715;
  417    2.03252;
  420    2.03252;
  420    1.99088;
  422    1.99088;
  422    1.95715;
  430    1.95715;
  430    1.97835;
  434    1.97835;
  434    3.06127;
  439    3.06127;
  439    3.07856;
  447    3.07856;
  447    3.11621;
  448    3.11621;
  448    3.36613;
  450    3.36613;
  450    3.40000;
  458    3.40000;
  458    3.42106;
  462    3.42106;
  462    3.62931;
  463    3.62931;
  463    3.66429;
  472    3.66429;
  472    3.64431;
  476    3.64431;
  476    3.35275;
  482    3.35275;
  482    3.34285;
  490    3.34285;
  490    2.38150;
  492    2.38150;
  492    2.35000;
  500    2.35000;
  500    2.32654;
  504    2.32654;
  504    1.74344;
  508    1.74344;
  508    1.72144;
  516    1.72144;
  516    1.68850;
  518    1.68850;
  518    1.56354;
  522    1.56354;
  522    1.54285;
  531    1.54285;
  531    1.50858;
  532    1.50858;
  532    1.46694;
  537    1.46694;
  537    1.45000;
  545    1.45000;
  545    1.41200;
  546    1.41200;
  546    1.24540;
  547    1.24540;
  547    1.20715;
  555    1.20715;
  555    1.22385;
  560    1.22385;
  560    1.30715;
  564    1.30715;
  564    1.32856;
  572    1.32856;
  572    1.29504;
  574    1.29504;
  574    1.27144;
  586    1.27144;
  586    1.30000;
  597    1.30000;
  597    1.31606;
  602    1.31606;
  602    1.35771;
  605    1.35771;
  605    1.38571;
  613    1.38571;
  613    1.41267;
  616    1.41267;
  616    1.66256;
  623    1.66256;
  623    1.67144;
  630    1.67144;
  630    1.25050;
  637    1.25050;
  637    1.24285;
  644    1.24285;
  644    1.41512;
  647    1.41512;
  647    1.44285;
  655    1.44285;
  655    1.47008;
  658    1.47008;
  658    2.01152;
  664    2.01152;
  664    2.02144;
  672    2.02144;
  672    2.10812;
  678    2.10812;
  678    2.12144;
  686    2.12144];

%% high feeding level 10 centigrade; survival and reprod apart
tN_2 = [ ...
    0   22;
   42   22;
   42   21;
   70   21;
   70   20;
  140   20;
  140   19;
  168   19;
  168   18;
  378   18;
  378   17;
  476   17;
  476   16;
  518   16;
  518   15;
  532   15;
  532   14;
  546   14;
  546   13;
  560   13;
  560   12;
  602   12;
  602   11;
  644   11;
  644    9;
  714    9;
  714    8;
  728    8;
  728    7;
  784    7;
  784    6;
  938    6;
  938    5;
  994    5];

