%% fig:BergHelb82
%% bib:BergHelb82,EmmoFeer90
%% out:BergHelb82

%% European birds (including tail)
sfa = [0.00000  1.00000;
  0.12369  1.00000;
  0.12369  0.99593;
  0.13791  0.99593;
  0.13791  0.99187;
  0.14429  0.99187;
  0.14429  0.98780;
  0.19486  0.98780;
  0.19486  0.98374;
  0.19856  0.98374;
  0.19856  0.97968;
  0.20177  0.97968;
  0.20177  0.97561;
  0.21052  0.97561;
  0.21052  0.97155;
  0.21547  0.97155;
  0.21547  0.96748;
  0.22308  0.96748;
  0.22308  0.96342;
  0.22532  0.96342;
  0.22532  0.95935;
  0.23005  0.95935;
  0.23005  0.95528;
  0.23323  0.95528;
  0.23323  0.95122;
  0.23699  0.95122;
  0.23699  0.94715;
  0.23825  0.94715;
  0.23825  0.94309;
  0.24676  0.94309;
  0.24676  0.93902;
  0.25002  0.93902;
  0.25002  0.93496;
  0.25262  0.93496;
  0.25262  0.93090;
  0.25306  0.93090;
  0.25306  0.92683;
  0.25684  0.92683;
  0.25684  0.92276;
  0.25688  0.92276;
  0.25688  0.91870;
  0.25713  0.91870;
  0.25713  0.91463;
  0.25945  0.91463;
  0.25945  0.91057;
  0.26248  0.91057;
  0.26248  0.90650;
  0.26299  0.90650;
  0.26299  0.90244;
  0.26505  0.90244;
  0.26505  0.89838;
  0.26521  0.89838;
  0.26521  0.89431;
  0.26636  0.89431;
  0.26636  0.89025;
  0.26704  0.89025;
  0.26704  0.88618;
  0.26722  0.88618;
  0.26722  0.88211;
  0.26757  0.88211;
  0.26757  0.87805;
  0.26831  0.87805;
  0.26831  0.87398;
  0.26852  0.87398;
  0.26852  0.86992;
  0.27058  0.86992;
  0.27058  0.86585;
  0.27212  0.86585;
  0.27212  0.86179;
  0.27252  0.86179;
  0.27252  0.85773;
  0.27347  0.85773;
  0.27347  0.85366;
  0.27375  0.85366;
  0.27375  0.84959;
  0.27448  0.84959;
  0.27448  0.84553;
  0.27459  0.84553;
  0.27459  0.84146;
  0.27572  0.84146;
  0.27572  0.83740;
  0.27589  0.83740;
  0.27589  0.83333;
  0.27788  0.83333;
  0.27788  0.82927;
  0.27826  0.82927;
  0.27826  0.82520;
  0.27930  0.82520;
  0.27930  0.82114;
  0.27941  0.82114;
  0.27941  0.81708;
  0.27943  0.81708;
  0.27943  0.81301;
  0.28032  0.81301;
  0.28032  0.80894;
  0.28084  0.80894;
  0.28084  0.80488;
  0.28107  0.80488;
  0.28107  0.80081;
  0.28165  0.80081;
  0.28165  0.79675;
  0.28274  0.79675;
  0.28274  0.79268;
  0.28289  0.79268;
  0.28289  0.78862;
  0.28292  0.78862;
  0.28292  0.78455;
  0.28303  0.78455;
  0.28303  0.78049;
  0.28335  0.78049;
  0.28335  0.77642;
  0.28367  0.77642;
  0.28367  0.77236;
  0.28401  0.77236;
  0.28401  0.76829;
  0.28624  0.76829;
  0.28624  0.76423;
  0.28638  0.76423;
  0.28638  0.76016;
  0.28642  0.76016;
  0.28642  0.75610;
  0.28659  0.75610;
  0.28659  0.75203;
  0.28786  0.75203;
  0.28786  0.74797;
  0.28830  0.74797;
  0.28830  0.74390;
  0.28921  0.74390;
  0.28921  0.73984;
  0.28939  0.73984;
  0.28939  0.73577;
  0.29035  0.73577;
  0.29035  0.73171;
  0.29088  0.73171;
  0.29088  0.72764;
  0.29112  0.72764;
  0.29112  0.72358;
  0.29257  0.72358;
  0.29257  0.71951;
  0.29350  0.71951;
  0.29350  0.71545;
  0.29369  0.71545;
  0.29369  0.71138;
  0.29412  0.71138;
  0.29412  0.70732;
  0.29412  0.70732;
  0.29412  0.70325;
  0.29482  0.70325;
  0.29482  0.69919;
  0.29497  0.69919;
  0.29497  0.69512;
  0.29536  0.69512;
  0.29536  0.69106;
  0.29649  0.69106;
  0.29649  0.68699;
  0.29716  0.68699;
  0.29716  0.68292;
  0.29716  0.68292;
  0.29716  0.67886;
  0.29764  0.67886;
  0.29764  0.67480;
  0.29777  0.67480;
  0.29777  0.67073;
  0.29828  0.67073;
  0.29828  0.66667;
  0.29837  0.66667;
  0.29837  0.66260;
  0.29908  0.66260;
  0.29908  0.65854;
  0.30146  0.65854;
  0.30146  0.65447;
  0.30197  0.65447;
  0.30197  0.65041;
  0.30277  0.65041;
  0.30277  0.64634;
  0.30285  0.64634;
  0.30285  0.64227;
  0.30294  0.64227;
  0.30294  0.63821;
  0.30301  0.63821;
  0.30301  0.63415;
  0.30318  0.63415;
  0.30318  0.63008;
  0.30573  0.63008;
  0.30573  0.62602;
  0.30589  0.62602;
  0.30589  0.62195;
  0.30649  0.62195;
  0.30649  0.61789;
  0.30668  0.61789;
  0.30668  0.61382;
  0.30790  0.61382;
  0.30790  0.60975;
  0.30881  0.60975;
  0.30881  0.60569;
  0.30953  0.60569;
  0.30953  0.60162;
  0.30977  0.60162;
  0.30977  0.59756;
  0.31030  0.59756;
  0.31030  0.59350;
  0.31034  0.59350;
  0.31034  0.58943;
  0.31086  0.58943;
  0.31086  0.58537;
  0.31109  0.58537;
  0.31109  0.58130;
  0.31118  0.58130;
  0.31118  0.57724;
  0.31134  0.57724;
  0.31134  0.57317;
  0.31144  0.57317;
  0.31144  0.56910;
  0.31200  0.56910;
  0.31200  0.56504;
  0.31283  0.56504;
  0.31283  0.56097;
  0.31283  0.56097;
  0.31283  0.55691;
  0.31310  0.55691;
  0.31310  0.55285;
  0.31334  0.55285;
  0.31334  0.54878;
  0.31396  0.54878;
  0.31396  0.54472;
  0.31486  0.54472;
  0.31486  0.54065;
  0.31499  0.54065;
  0.31499  0.53658;
  0.31678  0.53658;
  0.31678  0.53252;
  0.31902  0.53252;
  0.31902  0.52845;
  0.31902  0.52845;
  0.31902  0.52439;
  0.31997  0.52439;
  0.31997  0.52032;
  0.32184  0.52032;
  0.32184  0.51626;
  0.32184  0.51626;
  0.32184  0.51220;
  0.32264  0.51220;
  0.32264  0.50813;
  0.32267  0.50813;
  0.32267  0.50407;
  0.32271  0.50407;
  0.32271  0.50000;
  0.32299  0.50000;
  0.32299  0.49593;
  0.32389  0.49593;
  0.32389  0.49187;
  0.32418  0.49187;
  0.32418  0.48780;
  0.32477  0.48780;
  0.32477  0.48374;
  0.32517  0.48374;
  0.32517  0.47968;
  0.32560  0.47968;
  0.32560  0.47561;
  0.32586  0.47561;
  0.32586  0.47155;
  0.32607  0.47155;
  0.32607  0.46748;
  0.32725  0.46748;
  0.32725  0.46342;
  0.32735  0.46342;
  0.32735  0.45935;
  0.32752  0.45935;
  0.32752  0.45528;
  0.32787  0.45528;
  0.32787  0.45122;
  0.32795  0.45122;
  0.32795  0.44715;
  0.32817  0.44715;
  0.32817  0.44309;
  0.32867  0.44309;
  0.32867  0.43903;
  0.32939  0.43903;
  0.32939  0.43496;
  0.33079  0.43496;
  0.33079  0.43090;
  0.33092  0.43090;
  0.33092  0.42683;
  0.33138  0.42683;
  0.33138  0.42276;
  0.33178  0.42276;
  0.33178  0.41870;
  0.33193  0.41870;
  0.33193  0.41463;
  0.33247  0.41463;
  0.33247  0.41057;
  0.33374  0.41057;
  0.33374  0.40650;
  0.33375  0.40650;
  0.33375  0.40244;
  0.33416  0.40244;
  0.33416  0.39838;
  0.33431  0.39838;
  0.33431  0.39431;
  0.33449  0.39431;
  0.33449  0.39025;
  0.33501  0.39025;
  0.33501  0.38618;
  0.33537  0.38618;
  0.33537  0.38211;
  0.33539  0.38211;
  0.33539  0.37805;
  0.34120  0.37805;
  0.34120  0.37398;
  0.34275  0.37398;
  0.34275  0.36992;
  0.34288  0.36992;
  0.34288  0.36585;
  0.34443  0.36585;
  0.34443  0.36179;
  0.34781  0.36179;
  0.34781  0.35773;
  0.34800  0.35773;
  0.34800  0.35366;
  0.35065  0.35366;
  0.35065  0.34959;
  0.35088  0.34959;
  0.35088  0.34553;
  0.35123  0.34553;
  0.35123  0.34146;
  0.35269  0.34146;
  0.35269  0.33740;
  0.35269  0.33740;
  0.35269  0.33333;
  0.35363  0.33333;
  0.35363  0.32927;
  0.35485  0.32927;
  0.35485  0.32520;
  0.35511  0.32520;
  0.35511  0.32114;
  0.35521  0.32114;
  0.35521  0.31707;
  0.35543  0.31707;
  0.35543  0.31301;
  0.35776  0.31301;
  0.35776  0.30894;
  0.35994  0.30894;
  0.35994  0.30488;
  0.36173  0.30488;
  0.36173  0.30081;
  0.36249  0.30081;
  0.36249  0.29675;
  0.36249  0.29675;
  0.36249  0.29268;
  0.36437  0.29268;
  0.36437  0.28862;
  0.36480  0.28862;
  0.36480  0.28455;
  0.36548  0.28455;
  0.36548  0.28049;
  0.36588  0.28049;
  0.36588  0.27642;
  0.36601  0.27642;
  0.36601  0.27236;
  0.36622  0.27236;
  0.36622  0.26829;
  0.36786  0.26829;
  0.36786  0.26423;
  0.36787  0.26423;
  0.36787  0.26016;
  0.36809  0.26016;
  0.36809  0.25610;
  0.36833  0.25610;
  0.36833  0.25203;
  0.36840  0.25203;
  0.36840  0.24797;
  0.36902  0.24797;
  0.36902  0.24390;
  0.36990  0.24390;
  0.36990  0.23984;
  0.36993  0.23984;
  0.36993  0.23577;
  0.37075  0.23577;
  0.37075  0.23171;
  0.37351  0.23171;
  0.37351  0.22764;
  0.37351  0.22764;
  0.37351  0.22358;
  0.37607  0.22358;
  0.37607  0.21951;
  0.37784  0.21951;
  0.37784  0.21545;
  0.37820  0.21545;
  0.37820  0.21138;
  0.37925  0.21138;
  0.37925  0.20732;
  0.37954  0.20732;
  0.37954  0.20325;
  0.37999  0.20325;
