%% fig:Harr75
%% bib:Harr75
%% out:Harr75

%% incubation times of european birds

%% no path required

ab = [ ...
   1.4628501   1.3117532;
   1.2246384   1.2552726;
   1.3212399   1.2787541;
   1.0847500   1.2430378;
   1.1565554   1.2787541;
   1.2432870   1.2900342;
   1.0197468   1.2430378;
   1.0415964   1.2552726;
   0.8661326   1.3521832;
   0.9383624   1.2174831;
   0.8643138   1.1613664;
   0.8516793   1.1303336;
   0.5439902   1.1303336;
   0.2968180   1.0969106;
   0.4629818   1.0969106;
   0.4463217   1.0606968;
   0.6315827   1.1303336;
   0.5133256   1.1760916;
   0.4676863   1.1613664;
   0.3573349   1.1139426;
   0.0928115   1.1139426;
   0.2022293   1.1303336;
   0.2202231   1.0606968;
   0.1714677   1.0969106;
   0.1807313   1.0413915;
   0.1476295   1.0606968;
   0.3184494   1.1303336;
   0.3530547   1.1139426;
   0.5839185   1.0606968;
   0.3733886   1.1139426;
   0.1136547   1.0969106;
   0.2356585   1.1139426;
   0.3377406   1.0791810;
   0.3377406   1.0606968;
   0.3813428   1.0791810;
   0.4784778   1.0969106;
   0.3823007   1.1461271;
   0.3015105   1.0606968;
   0.3524848   1.1139426;
   0.4118255   1.0969106;
   0.4774835   1.1461271;
   0.4057993   1.1139426;
   0.4419445   1.0791810;
   0.4228352   1.0969106;
   0.4239507   1.0969106;
   0.5871923   1.1139426;
   0.1206873   1.1760916;
   0.0848452   1.1613664;
   0.3678474   1.3710680;
   0.3450763   1.2041199;
   0.1345828   1.1613664;
   0.0820564   1.1461271;
   0.1153522   1.1903328;
   0.0704890   1.1461271;
   0.2227088   1.1303336;
   0.0211030   1.2041199;
   0.1276593   1.1903328;
  -0.0482895   1.1303336;
  -0.0618697   1.1139426;
   0.2567685   1.0969106;
   0.9097591   1.1303336;
   0.7928721   1.1139426;
   0.6943670   1.1139426;
   0.8396511   1.0969106;
   0.8667510   1.1303336;
   0.8602640   1.1461271;
   0.4233081   1.1303336;
   0.4744886   1.1139426;
   0.2915920   1.1613664;
   0.3928981   1.1303336;
   0.2619580   1.0969106;
   0.3279798   1.1461271;
   0.7123729   1.1613664;
   0.7528711   1.0969106;
   0.3250333   1.1303336;
   0.3121806   1.1613664;
   0.5870953   1.2041199;
   0.5055655   1.1760916;
   0.4343784   1.1461271;
   0.2260675   1.0969106;
   0.2846079   1.1139426;
  -0.1249935   1.1613664;
  -0.0886907   1.1903328;
   0.1142125   1.1139426;
   0.0635413   1.1303336;
   0.0863245   1.1139426;
   0.2745440   1.0969106;
   0.1814346   1.1139426;
   0.1576571   1.0606968;
   0.2529975   1.1139426;
   0.3600024   1.1303336;
   0.3627185   1.0606968;
   0.1990525   1.0211881;
   0.2745440   1.0969106;
   0.3517815   1.0969106;
   0.2081222   1.0969106;
   0.2356585   1.1139426;
   0.2072491   1.0969106;
   0.0041278   1.0000000;
   0.2015139   1.1303336;
   0.4921429   1.1613664;
   0.3224264   1.0791810;
   0.2508999   1.0606968;
   0.3362007   1.0791810;
   0.2564411   1.1461271;
   0.3007344   1.1139426;
   0.5809963   1.1303336;
   0.3524848   1.0969106;
   0.2122205   1.1903328;
   0.6699832   1.2174831;
   0.5448269   1.1760916;
   0.5327138   1.2041199;
   0.6388214   1.1760916;
   0.7100691   1.1760916;
   0.2961875   1.1139426;
   0.3061302   1.0969106;
   0.4022466   1.1139426;
   0.4512446   1.1303336;
   0.4356637   1.1461271;
   0.3443730   1.1139426;
   0.4212226   1.1139426;
   0.5256448   1.0969106;
   0.5615718   1.0413915;
   0.4831460   1.1461271;
   0.4940587   1.0791810;
   0.3399595   1.1139426;
   0.2610123   1.2041199;
   0.1750082   1.1461271;
   0.3499143   1.1461271;
   0.3306958   1.1613664;
   0.2934714   1.1760916;
   0.4121044   1.1139426;
   1.0381043   1.1139426;
   0.5969046   1.1461271;
   0.3158909   1.1461271;
   0.8027299   1.1760916;
   0.7206787   1.2041199;
   0.6885590   1.0606968;
   0.9448858   1.2671703;
   0.9046907   1.2430378;
   0.6380090   1.2430378;
   0.6214218   1.3010306;
   1.1746341   1.2671703;
   0.9271587   1.2552726;
   0.5413106   1.4393327;
   0.7828688   1.4065407;
   1.5591363   1.4471577;
   1.5726681   1.4623970;
   1.2130346   1.4548458;
   1.0754257   1.4913634;
   0.8942630   1.4471577;
   1.3259202   1.4393327;
   1.0772687   1.3891649;
   1.3280785   1.4149732;
   1.3608772   1.4393327;
   1.8884083   1.5440683;
   1.7881935   1.5378190;
   1.3171658   1.5185137;
   0.5307980   1.0969106;
   0.9859296   1.1139426;
   0.9285410   1.1461271;
   0.9295959   1.1303336;
   1.2224316   1.2304490;
   1.3118671   1.2304490;
   1.2411772   1.2552726;
   1.4103359   1.3324372;
   1.3273510   1.3010306;
   1.4563995   1.3802116;
   1.7555889   1.6180482;
   1.6763749   1.3617274;
   1.9252689   1.4771222;
   2.0211186   1.4983103;
   2.0263567   1.4983103;
   1.0633854   1.1903328;
   0.9676448   1.3117532;
   1.2599227   1.3222187;
   1.3035492   1.3324372;
   1.5434100   1.3424221;
   1.8219016   1.3222187;
   1.5098595   1.3521832;
   1.6940898   1.4393327;
   1.7134174   1.3891649;
   2.0675339   1.4548458;
   2.0664063   1.4471577;
   1.8931371   1.4313642;
   1.9289550   1.4623970;
   1.2941764   1.3117532;
   1.5752507   1.3802116;
   1.7857685   1.3617274;
   1.6174343   1.3617274;
   1.8266304   1.4393327;
   1.6826800   1.4149732;
   1.9499680   1.4623970;
   0.9922347   1.2430378;
   1.6184407   1.4149732;
   1.2261298   1.2787541;
   1.1810847   1.3117532;
   1.3809080   1.3617274;
   1.4145069   1.3324372;
   1.5725347   1.3117532;
   1.6004105   1.3617274;
   1.7236026   1.4149732;
   1.9096153   1.4471577;
   1.2395888   1.3521832;
   1.3357416   1.3117532;
   1.2054927   1.3324372;
   1.1454123   1.3521832;
   1.5131212   1.3891649;
   1.3744695   1.4771222;
   1.1200100   1.3324372;
   0.8391055   1.2787541;
   0.8759176   1.2787541;
   1.1273094   1.3324372;
   1.0486411   1.3710680;
   1.3027975   1.3521832;
   1.0494778   1.3324372;
   0.7854151   1.3324372;
   1.2852402   1.3710680;
   1.5450954   1.3617274;
   1.5362925   1.4393327;
   0.9809582   1.3802116;
   0.8820045   1.3979412;
   1.0994821   1.4065407;
   1.4472814   1.4232455;
   1.5137638   1.3617274;
   1.3451750   1.4065407;
   1.6789940   1.3710680;
   1.5918016   1.3710680;
   1.5574024   1.3521832;
   1.3612167   1.3010306;
   1.1040412   1.2900342;
   0.8091320   1.3117532;
   0.8747900   1.3617274;
   1.0307322   1.2900342;
   1.1481405   1.2174831;
   2.1436923   1.4623970;
   2.2934507   1.4623970;
   1.6039026   1.3117532;
   2.1275173   1.4232455;
   1.3249745   1.3979412;
   1.3463269   1.3521832;
   1.3215188   1.3802116;
   1.1536211   1.3802116;
   0.9253278   1.2671703;
   1.4934177   1.3979412;
   1.7132476   1.4393327;
   1.5655263   1.3891649;
   1.2467427   1.3010306;
   1.3440110   1.3979412;
   1.3928756   1.3617274;
   1.3226464   1.4471577;
   1.1793629   1.4471577;
   1.2156173   1.3521832;
   1.3126189   1.4771222;
   1.3666124   1.4471577;
   1.6584539   1.4548458;
   1.3839636   1.4842995;
   1.6566957   1.5378190;
   1.6911919   1.4471577;
   1.8127349   1.4548458;
   1.3661395   1.5250467;
   1.4534410   1.4623970;
   1.4791949   1.5314796;
   1.5965062   1.5502275;
   2.3711368   1.7075712;
   2.3597028   1.7283555;
   2.2918744   1.7242761;
   1.9447177   1.6232493;
   1.9293794   1.6283903;
   2.0130918   1.6334678;
   2.0881953   1.6334678;
   2.1513675   1.6434527;
   2.0226343   1.6334678;
   1.6525489   1.5118838;
   1.7893697   1.6232493;
   1.7545340   1.4698214;
   2.1091476   1.6720985;
   1.7687568   1.5854598;
   1.3237377   1.5250467;
   1.7138660   1.5797847;
   1.7817065   1.4623970;
   2.1359443   1.6020612;
   1.8416172   1.5622921;
   1.9511805   1.4149732;
   1.5863938   1.4771222;
   1.8461762   1.5051505;
   1.8742097   1.5250467;
   1.6176404   1.3802116;
   1.7530668   1.4698214;
   1.9369697   1.4623970;
   1.8390709   1.4623970;
   1.8267517   1.3521832;
   2.0257262   1.4393327;
   1.6016230   1.4149732;
   1.7930315   1.3979412;
   1.7966933   1.4149732;
   1.7059847   1.3802116;
   1.7304169   1.4313642;
   1.4466023   1.4149732;
   1.6010653   1.3424221;
   1.4173685   1.3424221;
   1.6010653   1.3424221;
   1.6169857   1.3710680;
