%% fig:altri_pelicanus
%% bib:BartGold84
%% out:bart84w bart84o
%% Pelicanus occidentalis: wet weight and dioxygen consumption at age

aW_Po = [4.94486829  0;
      5.650375559 0;
      7.839075178 0.163309895;
      10.4587545  0.767153436;
      11.88460273 0.7737190272;
      12.45396598 1.096152349;
      12.88668754 1.737337044;
      13.40931015 1.129860292;
      13.88528863 2.079418403;
      14.78577705 2.205110515;
      14.78975843 2.915438124;
      15.94157677 3.426320036;
      17.30694252 4.990718795;
      17.78192565 5.762695004;
      17.84349998 6.869388675;
      18.92802075 5.252480977;
      18.93971607 7.33906833;
      19.72626277 6.894005695;
      19.74980576 8.624630938;
      20.31802132 11.21203182;
      21.35226189 12.97317179;
      21.67800916 14.28667505;
      22.32841184 14.24915474;
      23.36498844 18.89679893;
      23.88472151 20.24352141;
      24.9233853  27.73327433;
      26.73116203 44.01621507;
      27.12983362 45.99165895;
      28.95091039 54.76857109;
      29.97169859 66.47828911;
      30.45774222 59.34467745];

aO2_Po = [0.824502452 7.601389513 1;
       1.387627023 7.989701912 1;
       1.908067174 6.916600765 1;
       2.364864067 6.627915313 1;
       2.885495904 7.043082173 1;
       3.427278266 6.700687799 1;
       3.97968381  6.35157981  1;
       4.351686921 7.604871285 1;
       4.86121636  4.306081745 1;
       5.455443739 0 1;
       5.457073068 11.37145933 1;
       5.932816098 0 1;
       6.47459846  0 1;
       6.974079772 0 1;
       7.376898161 0 1;
       7.982707153 0 1;
       8.429743448 0 1;
       8.854862476 0 1;
       9.418370419 0 1;
       9.938906414 0 1;
       10.48107215 2.242847325 1;
       10.94858807 2.691582261 1;
       10.97127208 13.84016508 1;
       11.36432987 13.59176131 1;
       12.01234407 13.18223079 1;
       12.03445302 19.86600959 1;
       12.45976373 22.57400099 1;
       12.98029973 22.24503385 1;
       12.98144984 31.17464188 1;
       13.45901389 27.15185919 1;
       13.47021213 31.60994959 1;
       13.86307823 29.87327782 1;
       13.86422835 38.80288586 1;
       14.38371007 30.28844468 1;
       14.38438097 35.4973827  1;
       14.3749079  44.43370435 1;
       14.91534846 33.67343394 1;
       14.91937387 64.92706206 1;
       14.94923071 49.28010715 1;
       15.39722544 63.13668137 1;
       15.39799218 69.0897534  1;
       16.00284274 63.49813931 1;
       16.00437623 75.40428336 1;
       16.43916001 69.17595311 1;
       16.4413644  86.29103518 1;
       16.46901686 53.5289982  1;
       16.83336792 77.85715739 1;
       16.84600381 93.47725784 1;
       17.48377819 96.05097694 1;
       17.49095103 69.25543921 1;
       17.929281   90.56006708 1;
       17.93100617 103.9544791 1;
       17.94889804 77.8963618  1;
       17.96508011 121.0494204 1;
       18.34444774 96.99544211 1;
       18.3803427  128.2289294 1;
       18.88594258 94.42064573 1;
       18.86613385 105.596083  1;
       18.87876974 121.2161835 1;
       18.89198068 141.3010879 1;
       19.37165327 153.6492533 1;
       19.93564043 160.7347717 1;
       19.97506619 136.8956292 1;
       20.00330909 191.2039841 1;
       20.41847583 197.6393592 1;
       20.42039269 212.5220392 1;
       20.45857249 179.0091546 1;
       20.99567393 224.8097821 1;
       21.02438067 200.2332191 1;
       21.45103318 213.3590866 1;
       21.46472334 237.1646611 1;
       21.48913252 261.7076559 1;
       21.8679251  233.1888737 1;
       21.89875576 307.5888467 1;
       21.91415571 262.1832453 1;
       22.44943613 293.8453267 1;
       22.84584842 319.641613  1;
       22.84786112 335.2684271 1;
       22.89283039 271.9834688 1;
       23.41405267 359.4690276 1;
       23.99077155 382.9187805 1;
       23.98283197 403.7612462 1;
       23.98666569 433.5266063 1;
       24.79995452 396.5470918 1;
       24.89893305 505.1369473 1;
       24.9018888  445.5995134 1;
       24.90370982 459.7380595 1;
       24.90094575 520.7637613 1;
       24.90449194 548.2967195 1;
       25.89492455 484.4142494 1;
       25.89551498 571.4846413 1;
       25.90736875 498.5460818 1;
       25.91417359 551.379596  1;
       25.92891802 583.3706445 1;
       26.35806245 615.8439961 1;
       26.88500454 582.7664192 1;
       26.88740061 601.3697693 1;
       26.90978172 527.6803621 1;
       26.91428633 562.6546603 1;
       27.40026917 541.5100819 1;
       27.40448626 574.251978  1;
       27.94064465 695.2168533 1;
       27.99986376 577.5966856 1;
       28.00869668 728.6626018 1; 
       28.43610056 665.1359533 1;
       28.95713115 751.1332441 1;
       29.01777252 562.0694984 1;
       29.0315739  669.2247949 1;
       29.39140139 1070.862462  0; %% exclude internal
       29.48811402 831.9148833  0; %%    pipping
       29.50523914 799.903694   0;
       29.87380372 1351.863143  0;
       29.9184547  1121.134607  0;
       29.93062675 1215.639625  0;
       29.94901321 1275.907766  0;
       30.30621038 914.7476569  0;
       30.43852686 1199.690557  0;
       30.44063541 1216.061506  0;
       30.46611424 1331.395562  0;
       30.98963674 1436.740337  0;
       31          1206.031942  0]; 

%% we must have decreasing times for embryo-data fitting
aW_Po = aW_Po(31:-1:1,:); aO2_Po = aO2_Po(121:-1:1,:);
%% avoid large numbers for numerical stability
aO2_Po(:,2) = .001 * aO2_Po(:,2); 
