%% fig:altri_anser
%% bib:Roma60,VlecHoyt79
%% out:roma60w roma60o
%% Anser anser: wet weight and dioxygen consumption at age

aW_Aa = [ 3  0.011;
	  6  0.202;
	  9  1.006;
	 12  2.85;
	 15  6.82;
	 18 18.38;
	 21 44.21;
	 24 63.85;
	 27 84.16;
	 30 93.66];

aO2_Aa = [5.58511488  10.60844487;
          6.366656504 13.23911939;
          7.488781077 22.77651642;
	  9.718375017 47.46016564;
	  10.51191899 78.17704356;
	  11.34951701 90.94418744;
	  11.36514493 72.9804775;
	  11.74801336 84.40083834;
	  12.41302076 122.917005;
	  12.45415666 142.0318354;
	  12.55877696 76.93697119;
	  13.4384836  96.46409064;
	  13.64663913 160.5895211;
	  13.72926465 194.3265074;
	  13.73067951 176.3558095;
	  14.43505424 256.4501789;
	  14.45103588 233.9937945;
	  14.45227388 218.2694339;
	  14.64993034 235.2147944;
	  15.43781488 337.8144639;
	  15.4639658  186.1936884;
	  15.52592298 301.9149958;
	  15.52804526 274.958949;
	  15.66336689 361.5128121;
	  15.7427445  255.9699018;
	  16.59691922 419.2556164;
	  16.62693706 399.0525572;
	  16.69207766 474.3397943; 
	  16.69331566 458.6154337;
	  16.75883391 348.5728609;
	  17.57759665 600.5749205;
	  17.58575601 316.4062721;
	  17.6104442  544.4304655;
	  17.62695641 515.2350693;
	  17.68646152 481.5679626;
	  17.72176114 574.8119218;
	  17.74189892 499.5666123;
	  18.36205642 566.1410306;
	  18.49717726 835.7783664;
	  18.59306707 701.0400599;
	  18.61990148 721.271071;
	  18.62900962 605.5847033;
	  18.66669681 668.5031098;
	  18.73990835 460.7448672;
	  18.75321319 652.8206768;
	  18.8731077  574.2547771;
	  18.89452403 843.8362094;
	  19.34085292 951.8840112;
	  19.3977291  771.0748275;
	  19.42199909 823.8777284;
	  19.4581185  726.1760345;
	  19.46899521 588.0262945;
	  19.5129369  752.0368645;
	  19.66671616 784.6856219;
	  19.69953978 909.3783024;
	  19.79319494 983.5563469;
	  19.86216191 829.710198;
	  19.93145865 852.2085101;
	  20.24978154 961.3165889;
	  20.32977814 847.9114982;
	  20.37471647 818.730078;
	  20.4068566  771.5709719;
	  20.46534112 1111.932991;
	  20.49792339 1059.158042;
	  20.51121161 709.8456136;
	  20.57137628 1028.867429;
	  20.65411417 880.644111;
	  20.79854394 851.5116065;
	  20.85654577 836.9383662;
	  20.85866805 809.9823194;
	  21.04007759 852.7535702;
	  21.23649605 885.4232915;
	  21.2484984  913.5094949;
	  21.29529373 860.7415337;
	  21.44007722 827.1163546;
	  21.50813597 865.3390274;
	  21.52550852 1005.749081;
	  21.65926238 931.6828433;
	  21.68609679 951.9138544;
	  21.72256992 849.719486;
	  21.75068289 1214.777239;
	  21.85055198 1029.496344;
	  22.00152547 917.2493621;
	  22.07902213 1016.130128;
	  22.25851018 902.7739532;
	  22.40990188 965.7482633;
	  22.55495065 928.7535784;
	  22.563239   1004.012864;
	  22.58633548 1252.254092;
	  22.5891007  1036.59873;
	  22.75481782 917.6197235;
	  22.75879711 867.0771357;
	  22.79038273 1007.494177;
	  22.80185451 1042.319392;
	  22.80589829 1171.490771;
	  22.85050684 965.9648897;
	  23.05556736 1069.401222;
	  23.05875079 1028.967152;
	  23.06043093 1007.626948;
	  23.06723993 921.1429643;
	  23.14263825 866.1426417;
	  23.28757466 1011.108261;
	  23.34002942 886.4575081;
	  23.44829191 1316.700968;
	  23.49891361 1034.799621;
	  23.50156647 1001.104563;
	  23.66463073 915.8206151;
	  23.7316044  1148.358447;
	  23.75371154 867.5662922;
	  23.7576024  818.146873;
	  23.78892273 961.93342;
	  24.01789952 1122.665328;
	  24.17265151 1142.95923;
	  24.21743692 935.1870117;
	  24.26679668 849.8471605;
	  24.29820544 992.5105389;
	  24.33432485 894.808845;
	  24.37154596 1144.18023;
	  24.41515787 1131.846339;
	  24.49692304 995.9778761;
	  24.51807409 1268.928814;
	  24.57594693 894.9276402;
	  24.60143098 1112.843316;
	  24.67340451 920.809434;
	  24.76951174 1144.375893;
	  24.78003473 1010.718827;
	  24.80006015 1117.433822;
	  24.86471805 837.7857996;
	  24.94716671 873.7691231;
	  24.95233613 1169.176446;
	  24.96560041 1000.701153;
	  24.98441176 942.3033727;
	  25.19135322 841.3160284;
	  25.25222532 1151.352495;	
	  25.30240487 875.0669905;
	  25.4623502  1009.93108;
	  25.54150308 1268.308778;
	  25.57209936 879.692436;
	  25.57461592 1208.794817;
	  25.61674847 1034.717657;
	  25.65569759 901.0745675;
	  25.75357339 1102.177654;
	  25.75631467 1067.359427;
	  25.78933909 1008.968634;
	  25.88547024 1051.697958;
	  25.95461407 895.6054714;
	  25.97278248 1025.907007;
	  26.02521331 1082.09339;
	  26.11599819 831.6617276;
	  26.13124846 999.0278276;
	  26.19782786 875.5072314;
	  26.21871362 1151.827675];

%% we must have decreasing times for embryo-data fitting
aW_Aa = aW_Aa(10:-1:1,:); aO2_Aa = aO2_Aa(152:-1:1,:);
%% avoid large numbers for numerical stability
aO2_Aa(:,2) = .001 * aO2_Aa(:,2); 
aW_Aa = [aW_Aa, .01 + 0 * aW_Aa(:,1)];
