%% Daphnia hyalina Data from Stella Berger
%%   comment above each data matrix: file name in zipped set
%%   name of data refers to experiment, week number
%% cols: Length (mum), Width (mum), dry weight (mug),
%%   Length-egg(mum), Width-egg(mum), number of eggs


%% 01_2005.05.02
d1_17=[...
1403.37	716.16	11.82	172.87	109.38	5;
1438.90	835.08	12.49	170.02	125.97	7;
1557.05	823.21	14.87	217.27	121.71	7;
1591.51	756.77	15.61	183.74	148.20	4;
1522.03	879.59	14.14	272.75	159.41	7;
1483.27	753.87	13.36	430.58	107.89	6];

%% 01_2005.05.10
d1_18=[...
1948.78	943.25	24.42	198.48	167.85	16;
1474.06	905.46	13.18	227.61	161.84	7 ;
1937.83	934.42	24.12	279.30	185.67	20;
1715.42	937.08	18.42	265.75	179.33	12;
1702.76	915.50	18.12	227.29	153.25	15;
1663.60	951.20	17.22	192.26	142.83	13;
2036.15	919.39	26.91	300.59	181.28	14;
2118.35	994.78	29.37	251.40	166.92	33;
1883.95	867.07	22.66	266.52	162.41	13;
1817.91	961.53	20.94	368.07	172.10	17;
1684.00	731.08	17.69	174.92	141.59	7 ;
1847.58	1061.56	21.71	261.01	125.82	29;
1959.58	884.73	24.72	241.94	175.25	18;
1907.83	952.57	23.30	255.10	144.19	19;
1771.92	750.81	19.79	225.63	166.45	6 ;
1924.38	912.80	23.75	278.20	179.65	16;
1950.16	977.21	24.46	220.97	134.23	27;
1990.10	1050.47	25.58	344.45	148.07	22;
1875.16	933.28	22.43	295.75	181.25	16;
1740.31	890.34	19.02	261.70	153.89	19;
1590.74	883.91	15.59	219.42	148.23	12;
1822.74	971.35	21.07	250.96	148.50	16;
1953.85	982.22	24.56	268.71	168.00	21;
1819.71	976.64	20.99	203.80	159.50	30;
1886.49	1073.19	22.73	270.02	132.77	19;
1894.75	1012.90	22.95	219.11	178.13	26;
1700.94	1001.76	18.08	261.08	174.33	21;
1993.63	1010.61	25.68	278.28	131.44	25;
1640.46	796.53	16.69	261.75	186.51	8 ;
1726.18	945.93	18.68	349.29	156.03	20;
1748.33	1068.38	19.21	300.55	152.39	18;
1791.44	987.86	20.28	344.20	191.88	24;
1806.33	893.77	20.65	370.35	162.17	20;
1930.04	935.88	23.91	249.08	170.51	23;
1794.41	952.88	20.35	281.68	165.89	20;
1799.83	977.00	20.49	234.90	171.62	21;
1938.07	1009.45	24.13	289.43	170.28	22;
1826.22	983.18	21.16	215.87	132.44	17;
1543.02	824.82	14.58	333.19	167.03	9 ;
1887.00	1029.28	22.74	366.11	156.25	15];

%%01_20005.05.17
d1_19=[...
1222.08	918.31	8.71	265.92	177.25	1;
1267.36	681.75	9.44	217.88	141.87	2;
1284.42	632.86	9.72	170.51	169.39	3;
1303.38	793.14	10.04	201.56	146.74	3;
1322.74	749.09	10.37	361.99	159.71	6;
1361.19	763.64	11.05	238.18	171.96	1;
1361.97	747.52	11.06	301.90	128.85	3;
1374.62	835.87	11.29	225.20	161.32	2;
1377.02	803.64	11.34	203.34	157.65	3;
1383.98	634.65	11.46	271.35	147.80	1;
1384.04	761.95	11.46	216.69	148.20	4;
1412.30	669.44	11.99	222.95	141.59	3;
1415.35	899.88	12.05	223.72	147.41	6;
1423.03	776.11	12.19	174.92	144.06	5;
1424.96	865.49	12.23	188.02	148.20	4;
1427.09	872.84	12.27	206.65	144.29	6;
1444.64	803.28	12.60	226.06	162.62	10;
1445.42	786.99	12.62	178.15	169.21	3;
1450.77	760.99	12.72	221.15	170.28	4;
1453.44	704.68	12.77	179.11	135.24	3;
1464.78	747.42	12.99	191.03	165.39	4;
1466.82	896.35	13.03	176.78	160.35	8;
1471.26	866.31	13.12	212.55	154.74	11;
1474.56	830.63	13.19	197.89	151.59	8;
1477.28	825.53	13.24	219.04	173.57	7;
1478.49	750.68	13.27	188.15	142.04	3;
1479.50	943.37	13.29	228.89	157.65	7;
1483.39	1032.84	13.36	245.11	191.21	3;
1484.46	903.90	13.38	164.47	163.13	8;
1487.97	758.94	13.45	196.15	157.65	2;
1490.02	858.76	13.49	286.90	164.47	6;
1502.76	703.13	13.75	212.98	171.96	4;
1510.01	894.30	13.90	236.06	165.65	2;
1510.15	793.16	13.90	198.65	147.41	6;
1512.45	903.47	13.95	178.15	153.22	5;
1535.73	872.69	14.43	275.80	168.00	9;
1538.47	672.59	14.48	206.27	112.50	4;
1540.22	866.93	14.52	220.88	153.89	5;
1541.77	700.03	14.55	210.21	151.17	4;
1552.37	796.90	14.77	417.82	175.11	6;
1556.44	910.88	14.86	262.67	169.79	10;
1557.63	901.67	14.89	216.44	164.23	11;
1558.97	939.50	14.91	412.42	152.61	8;
1560.78	747.04	14.95	196.97	153.16	3;
1562.50	717.83	14.99	210.77	159.25	4;
1562.87	1122.96	15.00	380.34	171.19	11;
1565.11	800.57	15.04	229.41	166.33	3;
1565.37	910.50	15.05	196.90	140.63	11;
1572.30	1043.59	15.20	240.95	184.61	11;
1574.38	865.71	15.24	434.24	169.39	10;
1583.39	1100.19	15.43	415.64	150.00	6;
1584.16	745.25	15.45	181.25	162.50	5;
1584.49	912.69	15.46	217.88	166.68	2;
1602.38	1008.17	15.85	387.16	153.89	7;
1608.69	928.09	15.99	384.83	152.58	8;
1615.17	952.53	16.13	286.58	181.81	11;
1618.09	994.21	16.19	185.62	133.76	5;
1628.49	828.22	16.42	180.85	144.29	3;
1629.85	822.09	16.45	251.95	171.88	8;
1633.66	853.70	16.54	280.43	135.39	8;
1641.94	847.45	16.72	208.91	142.56	5;
1646.12	918.44	16.82	232.01	166.10	17;
1646.33	814.79	16.82	206.46	159.16	7;
1647.23	734.80	16.84	209.40	150.52	8;
1659.41	852.17	17.12	217.27	174.69	8;
1678.75	885.13	17.56	243.37	188.02	5;
1696.53	959.13	17.98	348.80	156.19	13;
1703.93	1095.52	18.15	379.72	158.24	11;
1707.00	1070.24	18.22	210.68	154.36	8;
1725.83	938.82	18.67	442.03	181.68	12;
1757.13	982.91	19.43	375.05	184.48	25;
1764.68	957.90	19.61	203.15	137.64	7;
1776.96	1157.45	19.92	374.60	162.26	11;
1782.42	1010.73	20.05	221.15	172.41	10;
1790.54	1002.07	20.25	235.27	185.67	11;
1790.88	1165.56	20.26	216.01	177.36	4;
1791.53	879.36	20.28	374.91	172.41	15;
1799.43	1076.90	20.48	224.50	172.22	19;
1803.40	892.60	20.58	201.48	168.29	10;
1812.31	1028.54	20.80	319.01	159.38	11;
1823.26	1272.19	21.08	356.65	170.02	24;
1825.48	1032.35	21.14	206.37	157.03	10;
1836.45	967.09	21.42	371.76	170.96	11;
1866.78	945.37	22.21	204.66	150.84	13;
1893.30	852.90	22.91	373.66	200.10	15;
1922.89	1205.47	23.71	424.26	154.93	22;
1934.17	1090.20	24.02	237.68	165.39	14;
1937.83	1125.04	24.12	203.13	159.13	19;
1944.23	1057.27	24.30	209.75	143.89	12;
1970.57	1254.06	25.03	197.07	166.92	16;
1979.17	1033.22	25.27	338.96	137.64	36;
1979.98	1179.79	25.29	196.25	164.47	18;
1980.25	980.70	25.30	279.86	170.71	32;
2007.32	1233.16	26.07	226.75	161.84	26;
2010.95	1137.14	26.18	252.80	177.25	20;
2015.09	1176.70	26.30	234.38	171.88	29;
2048.23	1082.93	27.26	388.92	165.27	24;
2089.08	1075.44	28.48	193.70	141.73	21;
2105.52	1170.71	28.98	192.08	152.39	20;
2129.31	1152.44	29.70	305.16	183.84	18;
2150.55	1286.81	30.36	422.11	200.44	32;
2185.05	1062.01	31.45	361.10	143.38	20;
2195.53	1082.48	31.78	203.22	153.13	16;
2246.64	1284.22	33.44	431.50	170.96	41;
2247.57	1291.08	33.47	422.89	183.82	15;
2281.25	1143.45	34.59	196.15	171.99	26;
2317.65	1317.26	35.82	197.64	148.23	26;
1530.76	763.73	14.32	201.99	150.81	6];

%% 01_2005.05.31
d1_21=[...
1153.82	604.19	7.67	249.41	132.66	1];


%% 01_2005.06.07
