%% fig:HubeLaro2000
%% bib:HubeLaro2000
%% out:HubeLaro2000

%% coded by Bas Kooijman, 2008/09/07
%% rat weight at constant (size independent) feeding at levels rho * ad lib
%% levels rho = 1, .75, .45 are set in fnv0_iso
%% Rattus norvegivus (Sprague-Dawley) that eat at constant rate
%% HubeLaro2000, as in Leeu2003 p121; t since birth = 35 d

tW100 = [... % weeks, grams
0.0                    156.69578008454488;
0.7874666254591283     184.8609114458431;
1.8863671179530943     243.5035288997133;
2.8995488023483453     302.1627665268198;
3.9219181014801574     368.44980743544085;
4.981577561513591      394.4022576864144;
5.880334828987328      429.10572714542513;
7.023099621335602      452.8621085562322;
7.916629937241591      483.2066806813826;
8.960650545855367      496.0834676263492;
9.929403763440975      517.6925962149679;
10.97473017767233      531.6583300444101;
11.92911083223722      541.2817867132283;
13.05750492611349      553.0540511022136;
14.104136524446188     568.1082135168053;
14.888431722328486     578.8585142074298;
15.929836369093438     589.5537792881613;
16.972511654870985     601.3426638503827;
17.925627885585655     609.8776840309732;
18.876086772684133     616.2306719510802;
19.914881051246404     624.7490798615127;
20.951024201354862     631.0906385047242;
21.902829032805798     638.5320471069026;
22.937660783650536     643.779994171702;
23.888125885911407     650.1381650850717;
24.924303581108596     656.4745328319426;
25.874768683369467     662.8327037453124;
27.08364841861431      670.2242676339382;
27.94190333735849      671.1517248984561;
28.97804027230457      677.488100548405;
29.92985131891789      684.9346921438461;
30.96206648639756      688.0005990450841;
31.998250396757143     694.3421497852174;
32.94740409975428      699.606709120175;
33.899011345112015     707.0533402310067;
34.9378463839254       715.5717402383608;
35.971454471171036     719.7312429118547;
36.99721902348384      717.3498080879264;
37.95045753495186      725.8848045592827;
38.985370806298825     731.1327358179259;
39.929052996221515     732.0384452374916;
40.95612894779805      730.7506219919754;
41.98843185094235      733.82169608032;
42.93774859494394      739.0862238029653;
43.88665773643439      744.3508305563913;
45.008478934390446     750.6757769294447;
45.951263542722955     750.49297873308;
46.90319065492724      757.9343636260243;
48.02370666878197      763.1708814139281;
48.88571409882571      767.3636560462069;
49.920627370172674     772.6115873048501;
50.86169919189267      771.3404395541169;
51.97477305816335      770.0307578205552;
52.921071831451115     773.1185074036824;
53.783486864006015     777.3112030051802;
54.988288005942366     781.4375127506701;
55.845068484418356     781.2713900490884;
56.88520870733308      790.878218641592;
57.83714203469975      798.3247865277989;
58.95373006592568      800.2856525737291;
59.900436441724594     803.3733231260754;
60.85196216658011      810.8199700430631;
61.973777149373774     817.1397334228539;
62.9204835251727       820.2274039752003;
63.864573317606556     821.133034363985;
64.89646861823968      824.2041874831102;
65.84448017813993      828.380286620606;
66.95976302526452      829.2527240813869;
67.98552757757734      826.8712892574586;
68.84361945531704      827.7987781342889;
69.95759711834029      827.5827870099203;
70.98466685475444      826.2897807711415;
71.93398981391843      831.5594914870494;
72.9623709495963       831.3600968266828;
73.90735832362034      833.3542348313979;
75.01521145348565      827.6908387572385;
76.0379580350846       823.1326257937923;
76.97682087595072      819.6793588487164;
78.0052020116286       819.4799641883498;
78.94145448429201      813.8498400729752;
79.97334978492513      816.9209931921007;
80.92266652892674      822.1855209147459;
81.94582071303688      817.6272289205186;
82.91735044741083      841.4157745637552;
83.93879184490844      835.7691330151596;
84.96194602901858      831.2108410209324;
86.06677497300764      823.3654838139923;
86.93180658892764      829.7402195790517;
87.96410949207188      832.8112936673958;
88.9859522769183       827.1593900947566;
89.92049196296922      820.4409164250136;
90.87895742600497      833.3348102302303;
92.00730454446777      845.1018995290309;
92.93441451325938      831.8475923243474;
93.96892018209522      837.0956026137716;
94.99860650187443      837.9846365385546;
96.00869641464638      822.5316927063074;
96.93972193574204      812.5426712570724;
97.8925466295365       821.0725637659469;
98.91962258111303      819.7847405204309;
99.94147158112183      814.1380199410543;
101.04107357354317     801.9337654002538;
102.00084422068028     815.9160877906199;
103.00962894935088     799.3747153732235;
104.10531538946817     783.9051750769744];

