%% fig:indir_effects
%% bib: Data from OECD ring test
%% out:m3l27d2,m4l27d2,m5l27d2

%% Effect of 3,4-dichloroaniline on reproduction of Daphnia magna

t = (1:21)'; % d
c = [0 3.2 5.6 10 18 32]'; % mug/l

%% c = 0; reproduction of 10 individuals
R0 = [0 0 0 0 0 0 0 0 14  0  0 25  0  0  0 14  0  0 24  0  0;
      0 0 0 0 0 0 0 0 10  0  0 22  0  0 18  0  0  0 33  0  0;
      0 0 0 0 0 0 0 0  0  0  5  0  0  8  0  0  0 20  0  0  0;
      0 0 0 0 0 0 0 0 12  0  0 23  0  0  0 16  0  0 32  0  0;
      0 0 0 0 0 0 0 0 12  0  0 21  0  0  0 19  0  0 11 18  0;
      0 0 0 0 0 0 0 0  5  0  0 19  0  0  0 14  0  0 35  0  0;
      0 0 0 0 0 0 0 0  9  0  0  0 24  0  0 15  0  0  0 28  0;
      0 0 0 0 0 0 0 0  7  0  0 21  0  0  0 20  0  0 35  0  0;
      0 0 0 0 0 0 0 0  5  0  0 19  0  0  0 13  0  0 36  0  0;
      0 0 0 0 0 0 0 0  8  0  0 19  0  0  0 24  0  0 27  0  0];

%% c = 0; survival of 10 individuals
S0 = [1 1 1 1 1 1 1 1  1  1  1  1  1  1  1  1  1  1  1  1  1;
      1 1 1 1 1 1 1 1  1  1  1  1  1  1  1  1  1  1  1  1  1;
      1 1 1 1 1 1 1 1  1  1  1  1  1  1  1  1  1  1  1  1  1;
      1 1 1 1 1 1 1 1  1  1  1  1  1  1  1  1  1  1  1  1  1;
      1 1 1 1 1 1 1 1  1  1  1  1  1  1  1  1  1  1  1  1  1;
      1 1 1 1 1 1 1 1  1  1  1  1  1  1  1  1  1  1  1  1  1;
      1 1 1 1 1 1 1 1  1  1  1  1  1  1  1  1  1  1  1  1  1;
      1 1 1 1 1 1 1 1  1  1  1  1  1  1  1  1  1  1  1  1  1;
      1 1 1 1 1 1 1 1  1  1  1  1  1  1  1  1  1  1  1  1  1;
      1 1 1 1 1 1 1 1  1  1  1  1  1  1  1  1  1  1  1  1  1];

%% c = 3.2; reproduction of 10 individuals
R3 = [0 0 0 0 0 0 0 0  6  0  0 19  0  0 16  0  0  0 31  0  0;
      0 0 0 0 0 0 0 0  8  0  0 19  0  0 21  0  0  0 32  0  0;
      0 0 0 0 0 0 0 0 11  0  0 20  0  0  0 24  0  0 26  0  0;
      0 0 0 0 0 0 0 0  3  0  0 22  4  0  0 13  0  0 33  0  0;
      0 0 0 0 0 0 0 0  6  0  0 20  0  0  0 13  0  0 29  0  0;
      0 0 0 0 0 0 0 0  5  0  0 18  0  0 16  0  0  0 32  0  0;
      0 0 0 0 0 0 0 0 14  0  0 21  0  0  0 21  0  0 28  0  0;
      0 0 0 0 0 0 0 0  8  0  0 19  0  0  0 22  0  0 35  0  0;
      0 0 0 0 0 0 0 0 10  0  0  0  8  0  0 28  0  0  0 18  0;
      0 0 0 0 0 0 0 0  8  0  0 21  0  0  0 22  0  0 21  0  0];

%% c = 3.2; survival of 10 individuals
S3 = [1 1 1 1 1 1 1 1  1  1  1  1  1  1  1  1  1  1  1  1  1;
      1 1 1 1 1 1 1 1  1  1  1  1  1  1  1  1  1  1  1  1  1;
      1 1 1 1 1 1 1 1  1  1  1  1  1  1  1  1  1  1  1  1  1;
      1 1 1 1 1 1 1 1  1  1  1  1  1  1  1  1  1  1  1  1  1;
      1 1 1 1 1 1 1 1  1  1  1  1  1  1  1  1  1  1  1  1  1;
      1 1 1 1 1 1 1 1  1  1  1  1  1  1  1  1  1  1  1  1  1;
      1 1 1 1 1 1 1 1  1  1  1  1  1  1  1  1  1  1  1  1  1;
      1 1 1 1 1 1 1 1  1  1  1  1  1  1  1  1  1  1  1  1  1;
      1 1 1 1 1 1 1 1  1  1  1  1  1  1  1  1  1  1  1  1  1;
      1 1 1 1 1 1 1 1  1  1  1  1  1  1  1  1  1  1  1  1  1];

%% c = 5.6; reproduction of 10 individuals
R5 = [0 0 0 0 0 0 0 0  7  0  0 21  0  0  0 10  0  0 30  0  0;
      0 0 0 0 0 0 0 0  3  0  0 16  0  0  0 18  0  0 33  0  0;
      0 0 0 0 0 0 0 0  5  0  0 23  0  0  0 11  0  0 31  0  0;
      0 0 0 0 0 0 0 0  8  0  0 20  0  0  0 16  0  0 34  0  0;
      0 0 0 0 0 0 0 0  2  0  0 22  0  0  0 20  0  0  7  0  0;
      0 0 0 0 0 0 0 0  3  0  0  7  8  0  0 16  0  0 19  0  0;
      0 0 0 0 0 0 0 0  3  0  0 18  0  0  0  7  0  0 35  0  0;
      0 0 0 0 0 0 0 0  9  0  0 17  0  0  0 20  0  0 33  0  0;
      0 0 0 0 0 0 0 0  3  0  0 11  0  0 15  0  0  0 27  0  0;
      0 0 0 0 0 0 0 0  3  0  0 16  0  0  0 17  0  0 12  0  0];

%% c = 5.6; survival of 10 individuals
S5 = [1 1 1 1 1 1 1 1  1  1  1  1  1  1  1  1  1  1  1  1  1;
      1 1 1 1 1 1 1 1  1  1  1  1  1  1  1  1  1  1  1  1  1;
      1 1 1 1 1 1 1 1  1  1  1  1  1  1  1  1  1  1  1  1  1;
      1 1 1 1 1 1 1 1  1  1  1  1  1  1  1  1  1  1  1  1  1;
      1 1 1 1 1 1 1 1  1  1  1  1  1  1  1  1  1  1  1  1  1;
      1 1 1 1 1 1 1 1  1  1  1  1  1  1  1  1  1  1  1  1  1;
      1 1 1 1 1 1 1 1  1  1  1  1  1  1  1  1  1  1  1  1  1;
      1 1 1 1 1 1 1 1  1  1  1  1  1  1  1  1  1  1  1  1  1;
      1 1 1 1 1 1 1 1  1  1  1  1  1  1  1  1  1  1  1  1  1;
      1 1 1 1 1 1 1 1  1  1  1  1  1  1  1  1  1  1  1  1  1];

%% c = 10; reproduction of 10 individuals
R10 = [0 0 0 0 0 0 0 0  0  0  0 15  0  0  0 11  0  0 27  0  0;
       0 0 0 0 0 0 0 0  0  0  0 12  0  0  0 14  0  0 32  0  0;
       0 0 0 0 0 0 0 0  0  0  0 15  0  0  0 18  0  0 34  0  0;
       0 0 0 0 0 0 0 0  1  0  0 15  0  0  0 20  0  0 30  0  0;
       0 0 0 0 0 0 0 0  0  0  0 10  0  0  0 13  0  0 24  0  0;
       0 0 0 0 0 0 0 0  0  0  0 11  0  0  0 15  0  0 20  0  0;
       0 0 0 0 0 0 0 0  0  6  0  0  0 10  0  0 21  0  0  0  9;
       0 0 0 0 0 0 0 0  0  0  0 12  0  0  0 16  0  0 27  0  0;
       0 0 0 0 0 0 0 0  2  0  0 18  0  0  0 15  0  0 27  0  0;
       0 0 0 0 0 0 0 0  0  0  0  7  0  0  0 15  0  0 15  0  0];

%% c = 10; survival of 10 individuals
S10 = [1 1 1 1 1 1 1 1  1  1  1  1  1  1  1  1  1  1  1  1  1;
       1 1 1 1 1 1 1 1  1  1  1  1  1  1  1  1  1  1  1  1  1;
       1 1 1 1 1 1 1 1  1  1  1  1  1  1  1  1  1  1  1  1  1;
       1 1 1 1 1 1 1 1  1  1  1  1  1  1  1  1  1  1  1  1  1;
       1 1 1 1 1 1 1 1  1  1  1  1  1  1  1  1  1  1  1  1  1;
       1 1 1 1 1 1 1 1  1  1  1  1  1  1  1  1  1  1  1  1  1;
       1 1 1 1 1 1 1 1  1  1  1  1  1  1  1  1  1  1  1  1  1;
       1 1 1 1 1 1 1 1  1  1  1  1  1  1  1  1  1  1  1  1  1;
       1 1 1 1 1 1 1 1  1  1  1  1  1  1  1  1  1  1  1  1  1;
       1 1 1 1 1 1 1 1  1  1  1  1  1  1  1  1  1  1  1  1  1];

%% c = 18; reproduction of 10 individuals
R18 = [0 0 0 0 0 0 0 0  0  0  0 10  0  0  0 14  0  0  8  0  0;
       0 0 0 0 0 0 0 0  0  0  0  0  0  0  0  0  9  0  0  0  0;
       0 0 0 0 0 0 0 0  0  0  0  5  0  0  0  5  0  0  7  0  0;
       0 0 0 0 0 0 0 0  0  0  0  7  0  0  0  5  0  0  4  0  0;
       0 0 0 0 0 0 0 0  0  0  0  8  0  0  0  4  0  0 12  0  0;
       0 0 0 0 0 0 0 0  0  0  0  2  0  0  0  1  0  0 18  0  0;
       0 0 0 0 0 0 0 0  1  0  0  5  0  0  0  9  0 26  0  0  0;
       0 0 0 0 0 0 0 0  0  0  0  2  0  0  0 14  0  0 13  0  0;
       0 0 0 0 0 0 0 0  0  0  0  1  0  0  0  3  0  0 18  0  0;
       0 0 0 0 0 0 0 0  0  0  0  0  0  0  0  2  0  0  5  0  0];

%% c = 18; survival of 10 individuals
S18 = [1 1 1 1 1 1 1 1  1  1  1  1  1  1  1  1  1  1  1  1  1;
       1 1 1 1 1 1 1 1  1  1  1  1  1  1  1  1  1  1  1  1  1;
       1 1 1 1 1 1 1 1  1  1  1  1  1  1  1  1  1  1  1  1  1;
       1 1 1 1 1 1 1 1  1  1  1  1  1  1  1  1  1  1  1  1  1;
       1 1 1 1 1 1 1 1  1  1  1  1  1  1  1  1  1  1  1  1  1;
       1 1 1 1 1 1 1 1  1  1  1  1  1  1  1  1  1  1  1  1  1;
       1 1 1 1 1 1 1 1  1  1  1  1  1  1  1  1  1  1  1  1  1;
       1 1 1 1 1 1 1 1  1  1  1  1  1  1  1  1  1  1  1  1  1;
       1 1 1 1 1 1 1 1  1  1  1  1  1  1  1  1  1  1  1  1  1;
       1 1 1 1 1 1 1 1  1  1  1  1  1  1  1  1  1  1  1  1  1];

%% c = 32; reproduction of 10 individuals
R32 = [0 0 0 0 0 0 0 0  0  0  0  0  0  0  0  0  0  0  0  0  0;
       0 0 0 0 0 0 0 0  0  0  0  0  0  0  0  0  0  0  0  0  0;
       0 0 0 0 0 0 0 0  0  0  0  0  0  0  0  0  0  0  0  0  0;
       0 0 0 0 0 0 0 0  0  0  0  0  0  0  0  0  0  0  0  0  0;
       0 0 0 0 0 0 0 0  0  0  0  0  0  0  0  0  0  0  0  0  0;
       0 0 0 0 0 0 0 0  0  0  0  0  0  0  0  0  0  0  0  0  0;
       0 0 0 0 0 0 0 0  0  0  0  0  0  0  0  0  0  0  0  0  0;
       0 0 0 0 0 0 0 0  0  0  0  0  1  0  0  0  0  0  0  0  0;
       0 0 0 0 0 0 0 0  0  0  0  0  0  0  0  0  0  0  0  0  1;
       0 0 0 0 0 0 0 0  0  0  0  0  0  0  0  0  0  0  0  0  0];

%% c = 32; survival of 10 individuals
